9
4,8,2,7,6,8,9,0,6
1,1,2,2,1,2,2,1,0
7
16,18,19,2,2,6,14
2,3,0,1,3,1,1
6
19,8,18,15,17,3
2,0,2,0,1,0
6
7,6,8,14,4,9
1,3,2,3,1,1
6
10,2,8,0,19,10
0,1,2,2,0,2
7
5,10,15,5,16,10,14
1,0,2,2,0,0,0
7
12,19,18,4,4,13,19
2,3,2,3,1,2,3
7
10,4,18,9,17,17,2
2,2,1,2,2,3,1
8
15,1,15,15,3,7,18,16
1,2,1,2,0,3,1,2
7
11,11,16,9,14,16,12
3,2,1,1,2,1,3
8
0,11,10,15,2,1,14,14
0,3,2,2,3,2,3,1
8
8,11,0,18,12,0,18,9
2,2,0,2,2,1,3,0
5
16,15,18,14,2
2,1,1,2,2
7
11,8,8,2,11,5,7
2,1,1,2,2,1,3
7
7,16,1,15,19,8,15
1,1,3,2,3,2,2
7
14,7,8,2,3,6,5
1,3,3,2,2,2,2
7
5,17,17,7,6,5,6
2,2,0,3,1,2,1
8
17,5,16,9,16,3,9,16
2,2,1,0,1,2,2,0
6
15,11,16,9,8,4
2,1,2,0,1,1
6
1,3,10,17,12,3
2,0,0,0,0,1
7
4,7,14,16,3,3,2
1,2,1,2,1,1,2
7
1,6,4,5,18,8,1
1,2,2,1,0,1,1
6
9,4,0,0,3,8
0,0,1,0,0,1
8
3,8,12,2,8,16,8,9
1,3,3,2,0,2,2,2
8
16,2,19,0,17,2,2,5
0,3,3,3,2,3,3,2
7
6,17,12,15,6,7,10
0,2,2,1,2,2,0
6
8,2,11,3,5,6
1,3,1,2,2,3
8
7,0,1,15,18,4,1,2
3,2,1,1,3,1,2,1
8
10,2,18,10,6,0,11,11
2,0,0,2,2,1,2,2
9
18,5,14,15,18,12,4,14,3
2,2,1,0,3,3,0,2,1
6
7,1,17,8,8,7
1,0,1,0,0,0
6
5,9,4,7,14,17
1,0,0,0,0,2
